0 1 4 5 2 0 0 0 9
3 0 0 0 9 0 4 5 1
5 0 8 0 0 0 0 6 7
0 0 0 0  0 3 7 0 0
0 0 6 2 0 5 1 0 0
 0 0 3 4 0 0 0 0 0  
4 3 0 0  0 0 6 0 2 
8 2 7 0 4 0 0 0 5
1 0 0 0 5  2 8 4 0

0 0 4 5 2 0 0 0 9
 3 0 0 0 9 0 4 5 1
5 0 0 0 0 0 0 6 7
0 0 0 0 0 0  0 0 0
0 0 6 2 0 5 1 0 0
0 0 3  4 0  0 0 0 0 
4 0 0 0 0 0 6 0 2
 8 0 7 0 4 0 0 0 5
1 0 0 0 5 2 8 4 0

1 2 3 4 5 6 7 8 9
11 12 13 14 15 16 17 18 19

3 0 1 4 5 2 0 0 0 9 3 0 0 0 9 0 4 5 1 5 0 8 0 0 0 0 6 7 0 0 0 0 0 3 7 0 0 0 0 6 2 0 5 1 0 0 0 0 3 4 0 0 0 0 0 4 3 0 0 0 0 6 0 2 8 2 7 0 4 0 0 0 5 1 0 0 0 5 2 8 4 0

0 1 4 5 2 0 0 0 9 
3 0 0 0 9 0 4 5 1 
5 0 8 0 0 0 0 6 7 
0 0 0 0 0 3 7 0 0 
0 0 6 2 0 5 1 0 0 
0 0 3 4 0 0 0 0 0 
4 3 0 0 0 0 6 0 2
8 2 7 0 4 0 0 0 5
1 0 0 0 5 2 8 4 0
0

